-8.984228760819496387e-22
-1.912090284812971446e-22
3.300336169495172839e-22
6.935048350548139388e-22
9.319374081258727445e-22
1.072068824876380340e-21
1.130418940800648899e-21
1.114250630962043117e-21
1.025806417975391430e-21
8.677017661909788552e-22
6.476166153556178028e-22
3.810035316247448245e-22
9.124662824015393849e-23
-1.926030049336677663e-22
-4.398474619479264883e-22
-6.229313808174869553e-22
-7.219402416062028885e-22
-7.278923634805172984e-22
-6.442136807905307520e-22
-4.861703596127024227e-22
-2.784221680767669176e-22
-5.118077699608420459e-23
1.643358303811500737e-22
3.403911452797145230e-22
4.564612329869217304e-22
5.016818661563835519e-22
4.757256688161519999e-22
3.880884631850151148e-22
2.560089147925736692e-22
1.014340043390588976e-22
-5.244863944562419252e-23
-1.845705996433321483e-22
-2.787567308118791576e-22
-3.255636216632953895e-22
-3.230005580308610714e-22
-2.761298891172524297e-22
-1.957060063444189266e-22
-9.613580388475232503e-23
6.885699880052865074e-24
9.869797525344536462e-23
1.676302930200699013e-22
2.063479570849847372e-22
2.124578172524339396e-22
1.883595035308718884e-22
1.404371594197232606e-22
7.777055373014523399e-23
1.059477258947218972e-23
-5.124951906494826317e-23
-9.965603209437853423e-23
-1.292153218981703918e-22
-1.377021124583838709e-22
-1.260665995492456742e-22
-9.798083830984231877e-23
-5.904881801409516551e-23
-1.582519520187423420e-23
2.520008675506014562e-23
5.850519237183174526e-23
8.021226833858522321e-23
8.846397730879056091e-23
8.347824041360746134e-23
6.730623680365924603e-23
4.335784582234782066e-23
1.578484246529238731e-23
-1.117707437429393212e-23
-3.381087313731587973e-23
-4.938648384778161984e-23
-5.644279273507414482e-23
-5.486280040723496348e-23
-4.575253902721611207e-23
-3.116080446986251592e-23
-1.369531067705284977e-23
3.900279633421585288e-24
1.914509946719992100e-23
3.014213265443099296e-23
3.578449031899378080e-23
3.582972288320219938e-23
3.084525821928112869e-23
2.204582211037336992e-23
1.105671596243215845e-23
-3.562417574626531287e-25
-1.054880835667078070e-23
-1.821649233887838471e-23
-2.254270588305036083e-23
-2.326328842071471287e-23
-2.064692250238412858e-23
-1.540281171363900252e-23
-8.536029095291900847e-24
-1.176193317302216841e-24
5.593759033519141132e-24
1.088469486582922676e-23
1.410613323771397643e-23
1.501844782853038800e-23
1.373049895185281330e-23
1.064862347751499135e-23
6.389126710762912305e-24
1.670294890169153492e-24
-2.798822948427850782e-24
-6.416930779448974966e-24
-8.763782067795005893e-24
-9.640561460759858010e-24
-9.075062798683830741e-24
-7.294547695544135113e-24
-4.673406898901254940e-24
-1.665550818244086409e-24
1.267420306252423511e-24
3.721757501393373306e-24
5.402266404150635089e-24
6.152582120706511943e-24
5.962864003862546425e-24
4.956146961039932005e-24
3.357453115783110508e-24
1.451765083110342750e-24
-4.621012044572295602e-25
-2.114832861619700634e-24
-3.301372683239222096e-24
-3.903093429506040387e-24
-3.895573361335659557e-24
-3.342359189997758694e-24
-2.377028668451800910e-24
-1.177269197373530522e-24
6.457239199334710494e-26
1.169975672876040509e-24
1.997871032806265726e-24
2.460587301321246725e-24
2.530672909076435523e-24
2.238569842410307059e-24
1.662404945086857202e-24
9.121391806607758716e-25
1.108771018303341974e-25
-6.237502988396606025e-25
-1.195525289964695530e-24
-1.540944284625337119e-24
-1.634770449104396000e-24
-1.489648743015228493e-24
-1.150446429282743660e-24
-6.846539879518305750e-25
-1.705970814949326524e-25
3.146622872835924530e-25
7.060063313900382998e-25
9.581709713207995340e-25
1.050058965063087849e-24
9.852205267234649971e-25
7.888271274982372133e-25
5.019226978498517776e-25
1.740379329288380702e-25
-1.446283389121327636e-25
-4.103195272264644660e-25
-5.911986036678104268e-25
-6.705915335460371784e-25
-6.477709680642933316e-25
-5.364225661261000039e-25
-3.612467896034042755e-25
-1.533641199395026520e-25
5.470901508599482392e-26
2.337647988892540855e-25
3.616618914181341799e-25
4.257065585736137215e-25
4.234642602276053767e-25
3.620488417361369172e-25
2.561451982082260262e-25
1.251727024572987367e-25
-9.924556991935273014e-27
-1.297721863338306607e-25
-2.191222967340081453e-25
-2.685691913687303233e-25
-2.752695315720669406e-25
-2.426680721763624639e-25
-1.793694420288288667e-25
-9.740182841702303332e-26
-1.017850858417374147e-26
6.952582450825123699e-26
1.313015807704895666e-25
1.683219220572020857e-25
1.779329278063359410e-25
1.615978527120689453e-25
1.242695490644713350e-25
7.333774494738814025e-26
1.734246160534437763e-26
-3.534196159067042784e-26
-7.766461609300923691e-26
-1.047513690653075456e-25
-1.143653217273523662e-25
-1.069500883621171605e-25
-8.529261647206894686e-26
-5.389187238524253719e-26
-1.815212289675445022e-26
1.646802961758161506e-26
4.522694762355879113e-26
6.469156864914883176e-26
7.308476632718924892e-26
7.036478835478803532e-26
5.805310975311314745e-26
3.886065596115401653e-26
1.618551074500841088e-26
-6.434247793258079950e-27
-2.583122483964961512e-26
-3.961500534414699201e-26
-4.642778126331984150e-26
-4.602890514605227022e-26
-3.921405662905487927e-26
-2.759732544448430250e-26
-1.330084126533110240e-26
1.395027949903115246e-27
1.438779466923142517e-26
2.402954068500061437e-26
2.931145850372327158e-26
2.993980986438897655e-26
2.630378374895516707e-26
1.935085099689432785e-26
1.039658906192995467e-26
9.023761337403829271e-28
-7.744564782062038190e-27
-1.441815768352488217e-26
-1.838465152415808874e-26
-1.936530782529159928e-26
-1.752882950279004275e-26
-1.342179968681224311e-26
-7.853247047454989777e-27
-1.754236094729762570e-27
3.965259241126773296e-27
8.541842460846915987e-27
1.145074797032284392e-26
1.245497739749331209e-26
1.160902813177446309e-26
9.221348693416800994e-27
5.785021195322811377e-27
1.889653753123138033e-27
-1.871230151257117914e-27
-4.983852135415010122e-27
-7.078071461131641933e-27
-7.964574547136025998e-27
-7.642883572417063994e-27
-6.282053924968831295e-27
-4.179569643359050572e-27
-1.706439267698528853e-27
7.523905286429655827e-28
2.853464540778099503e-27
4.338742635891673074e-27
5.063036014191400382e-27
5.002798564740909395e-27
4.246952550581574906e-27
2.972878391443420228e-27
1.412458445329799551e-27
-1.860416703059477503e-28
-1.594480010563950662e-27
-2.634777656911794020e-27
-3.198764292306377915e-27
-3.256181437194845204e-27
-2.850935373176765163e-27
-2.087330663087900191e-27
-1.109243142017233586e-27
-7.587819473198792090e-29
8.621348172905131865e-28
1.582993010595450294e-27
2.007849522612027495e-27
2.107467909649858722e-27
1.901234681192816742e-27
1.449452345253377440e-27
8.406833310422398186e-28
1.764278199661726979e-28
-4.444416663867834470e-28
-9.392804712513510530e-28
-1.251600556689964284e-27
-1.356311605640093717e-27
-1.260020085427188341e-27
-9.968512435227804920e-28
-6.208393509364583465e-28
-1.963056894073954326e-28
2.122195471972795103e-28
5.490709097634968758e-28
7.743470952956580887e-28
8.678912733678208813e-28
8.300934019016510729e-28
6.797279645150239437e-28
4.494345371100038715e-28
1.797169487720680260e-28
-8.754521835873737609e-29
-3.151125690560023580e-28
-4.751338372943652423e-28
-5.520898576784898677e-28
-5.437056287214575443e-28
-4.599109449945593074e-28
-3.201955650604537176e-28
-1.498946078396052509e-28
2.396501147370876348e-29
1.766294225370726036e-28
2.888570922766844996e-28
3.490525862519877494e-28
3.541088755513239256e-28
3.089725005315658260e-28
2.251235910544847351e-28
1.182952715549194443e-28
5.830389508134061790e-30
-9.591643626731827292e-29
-1.737716581511723228e-28
-2.192644769912031975e-28
-2.293327387019532970e-28
-2.061977053852945747e-28
-1.565105195505345461e-28
-8.996479966051135344e-29
-1.762475152337401328e-29
4.976749309983627039e-29
1.032657351639457000e-28
1.367904563359634606e-28
1.476876014582353842e-28
1.367495242503850538e-28
1.077503259065689130e-28
6.661057931227117889e-29
2.034662577458634874e-29
-2.402606698924300282e-29
-6.047693770652848689e-29
-8.470526688510442507e-29
-9.456604099518388077e-29
-9.014973401935446009e-29
-7.354031366875948321e-29
-4.831842458116905102e-29
-1.890557957703146546e-29
1.014233647378874399e-29
3.478794444491283078e-29
5.202554522380317731e-29
6.019693281543227219e-29
5.908578840973708987e-29
4.980012567808550304e-29
3.448101811554498457e-29
1.589628674268369060e-29
-3.012054729900971317e-30
-1.955837008871529454e-29
-3.166384126773808395e-29
-3.808583919643450752e-29
-3.850646751872891504e-29
-3.348230352013573618e-29
-2.427662406676571831e-29
-1.260970567091090989e-29
-3.706297670293408618e-31
1.066503059553965793e-29
1.907264330670600867e-29
2.394236579081190786e-29
2.495397291128210719e-29
2.236129858480280402e-29
1.689774487382350592e-29
9.624210042395431544e-30
1.746674367379663257e-30
-5.567855107862237601e-30
-1.135105347085570879e-29
-1.494873398633651427e-29
-1.608039441622328206e-29
-1.484023538442378871e-29
-1.164551135926383981e-29
-7.144861811027992334e-30
-2.103586734642328403e-30
2.715675131609708574e-30
6.659655494466736471e-30
9.264877768109598732e-30
1.030320544957664174e-29
9.789705169258721003e-30
7.955586918570422046e-30
5.193599533887387846e-30
1.986366666880595540e-30
-1.170533946596237512e-30
-3.839418360260894134e-30
-5.695955883630372451e-30
-6.563038790545848657e-30
-6.420525603730652597e-30
-5.391965913806916414e-30
-3.712530050047738124e-30
-1.684570282642416747e-30
3.716839361610743737e-31
2.164881152561459009e-30
3.470456265255869202e-30
4.155281760423299940e-30
4.186963609751395323e-30
3.628052866143178342e-30
2.617532200843490857e-30
1.343479687293013496e-30
1.164950977362074567e-32
-1.185204121813513634e-30
-2.093032875328918914e-30
-2.614133830597507032e-30
-2.715075586250210634e-30
-2.424795415264936520e-30
-1.824142589971390904e-30
-1.029212125840078976e-30
-1.714438086340894652e-31
6.223900106523661466e-31
1.247489152409529842e-30
1.633473101269470488e-30
1.750723359329257577e-30
1.610357187735148169e-30
1.258489672083769802e-30
7.661748907598900957e-31
2.168804389056790019e-31
-3.064946185234399353e-31
-7.331904245113465562e-31
-1.013267285324209827e-30
-1.122475557594433328e-30
-1.063022239796122015e-30
-8.605476216072281120e-31
-5.581248519413132082e-31
-2.084295301570914547e-31
1.346345305488083671e-31
4.236228560054462565e-31
6.235432140056984109e-31
7.154870156580091156e-31
6.976320338905156711e-31
5.837454124880773729e-31
3.996533663939641053e-31
1.783813639858851106e-31
-4.521710497325822428e-32
-2.395372472540295416e-31
-3.803232226760483442e-31
