1.500391749499931876e-21
6.727337915486118834e-22
2.786169747009609996e-23
-4.518120554943725407e-22
-7.949415353410876069e-22
-1.027769381929258493e-21
-1.167329709055558887e-21
-1.220693955564558312e-21
-1.188517568034556175e-21
-1.070662638149749961e-21
-8.717489699764884175e-22
-6.049799873655706861e-22
-2.933166671756169205e-22
3.215256767715759837e-23
3.361304560829582284e-22
5.843476628286492673e-22
7.489537015507011283e-22
8.129593908428210580e-22
7.728949668694865981e-22
6.392428078886040152e-22
4.346391390743651850e-22
1.902334285223541635e-22
-5.911587990634300572e-23
-2.799825719489504208e-22
-4.450270808549710506e-22
-5.364778945653266091e-22
-5.479894450660506412e-22
-4.847121764288477794e-22
-3.616969189332459832e-22
-2.009976671387688813e-22
-2.800146209081150719e-23
1.324161757405569308e-22
2.593381233724593391e-22
3.383916436942104241e-22
3.631774735088437923e-22
3.354409201410455058e-22
2.640750844084239191e-22
1.632061779550584683e-22
4.971919137147473664e-23
-5.937170971858718321e-23
-1.493202172321992512e-22
-2.094950550823540996e-22
-2.344690456057288064e-22
-2.242698465317121256e-22
-1.838389355061661150e-22
-1.218530082523691334e-22
-4.913693758024143457e-23
2.306756697342960556e-23
8.471938968569724661e-23
1.282651966703094302e-22
1.494483001196460945e-22
1.475734116106893211e-22
1.252447732050061243e-22
8.766754755170217508e-23
4.165474304860623586e-23
-5.491010894066639981e-24
-4.705107213968773780e-23
-7.777350350906072277e-23
-9.446031248193617228e-23
-9.620678257498033701e-23
-8.429468485823948470e-23
-6.178960036784801355e-23
-3.292902680177312701e-23
-2.408487760142157889e-24
2.532375335263198299e-23
4.666527096877254890e-23
5.927824293950293631e-23
6.228801151469602272e-23
5.625608542591523866e-23
4.295443514663054417e-23
2.499307514960760492e-23
5.368197235626696231e-24
-1.299761527460534984e-23
-2.765777330335150765e-23
-3.693609058596648376e-23
-4.008296813098553840e-23
-3.728560010904526486e-23
-2.954572311485200838e-23
-1.845562982026295077e-23
-5.914294068833191044e-24
6.170431367294900958e-24
1.615033941184710182e-23
2.284144640108633913e-23
2.564247853385209276e-23
2.455947054561495829e-23
2.014265088246417402e-23
1.335345989015701791e-23
5.387519287359431566e-24
-2.517096519362934382e-24
-9.257884234252846409e-24
-1.400866254423354645e-23
-1.630712755108468950e-23
-1.608238548406688410e-23
-1.362475571289003677e-23
-9.508000402780909071e-24
-4.479769282096873808e-24
6.611123573775300559e-25
5.181949104171433186e-24
8.512173262695192776e-24
1.030675389645244327e-23
1.047146448974583973e-23
9.150376619060963084e-24
6.681208290052342305e-24
3.528087644221337305e-24
2.034803086598321169e-25
-2.808656196657872738e-24
-5.117837023896308911e-24
-6.472238987720014329e-24
-6.779803275686182306e-24
-6.104762129617856820e-24
-4.642597493356647808e-24
-2.679156642149825209e-24
-5.412850395821505774e-25
1.453228320705982876e-24
3.039300954713555371e-24
4.036336059481436283e-24
4.364890483606611472e-24
4.047443317077603929e-24
3.194788116770105759e-24
1.981432268217312094e-24
6.145819995751453482e-25
-6.982782671724160783e-25
-1.778520111366340745e-24
-2.498469042265428865e-24
-2.794088017486454542e-24
-2.667432984870640830e-24
-2.179585101629152216e-24
-1.436027928288667429e-24
-5.672958118860190890e-25
2.919068681133747848e-25
1.022029612671824049e-24
1.533891827282958824e-24
1.778077829586386018e-24
1.747790000194497186e-24
1.475430860370582193e-24
1.024036784646361750e-24
4.752931037489335565e-25
-8.383751477672146418e-26
-5.738554106746061478e-25
-9.331105499650989963e-25
-1.124619824822793738e-24
-1.138724828495866007e-24
-9.916439327490131689e-25
-7.205429169870169512e-25
-3.761727406753216308e-25
-1.435677145950946625e-26
3.123603528648392195e-25
5.617473190571566736e-25
7.067524268993184646e-25
7.377413446503022937e-25
6.620620397022519452e-25
5.012720768847781918e-25
2.866570155720023699e-25
5.384386837007387565e-26
-1.626419374196884202e-25
-3.341067567081130057e-25
-4.411156536175555237e-25
-4.752690140209023592e-25
-4.392489010810434325e-25
-3.453061298895360998e-25
-2.125602339486419853e-25
-6.361284740574608520e-26
7.898000030599528453e-26
1.958673427411934656e-25
2.732890545941342152e-25
3.044326344855070373e-25
2.896762121546732601e-25
2.357979353210274030e-25
1.543686648349180920e-25
5.963722022969094393e-26
-3.374311781624674087e-26
-1.128116413932440090e-25
-1.679447164542059891e-25
-1.938634801553011945e-25
-1.899286950214600878e-25
-1.597545170515569852e-25
-1.102652194729620961e-25
-5.038433203824220491e-26
1.042221347917998647e-26
6.352959044556950994e-26
1.022776837559979991e-25
1.227038361042924934e-25
1.238220372164719140e-25
1.074559146899201235e-25
7.769472252075806737e-26
4.008731119423471138e-26
7.140245653091488249e-28
-3.472076163871180249e-26
-6.165027923260753195e-26
-7.716930043374600488e-26
-8.027124985261890948e-26
-7.179465406476091657e-26
-5.411625507679000525e-26
-3.065982302546087771e-26
-5.308475758168772559e-27
1.818715785697724275e-26
3.672148233672212892e-26
4.820342181328512163e-26
5.174569095259666573e-26
4.766578518240407472e-26
3.731786396594405561e-26
2.279645628260786376e-26
6.566699868710081887e-27
-8.919480426885271893e-27
-2.156597079732600839e-26
-2.989001227749915282e-26
-3.316728655296393500e-26
-3.145572652313708103e-26
-2.550715114652953147e-26
-1.659062661593957617e-26
-6.261387128375794068e-27
3.886685045078311242e-27
1.244861196980548284e-26
1.838603226686379872e-26
2.113525614892985550e-26
2.063765041959340184e-26
1.729605796187759014e-26
1.187095205936589806e-26
5.337074533175865254e-27
-1.275278332699673932e-27
-7.030483100660191982e-27
-1.120912651259815152e-26
-1.338674655359543409e-26
-1.346312130327792485e-26
-1.164306946101415951e-26
-8.376429453384296216e-27
-4.269823995024495440e-27
1.451825221169535049e-29
3.857363129017150876e-27
6.764926393300955086e-27
8.425273396295043887e-27
8.733423965692800753e-27
7.784850831299128410e-27
5.841525617993949124e-27
3.278091335685086593e-27
5.177507313762278645e-28
-2.032081099937542398e-27
-4.035309080372928066e-27
-5.266989657738468431e-27
-5.633484429982794999e-27
-5.172127189241470729e-27
-4.032552476207286351e-27
-2.444185902090445579e-27
-6.758761002176082753e-28
1.005862843196803647e-27
2.373998242770723289e-27
3.268776968513902810e-27
3.613234335733359212e-27
3.415498714598465650e-27
2.758922982820529315e-27
1.782675816467327316e-27
6.564940218470924067e-28
-4.462634515787042483e-28
-1.373305659581756557e-27
-2.012611854386242361e-27
-2.304014975434041473e-27
-2.242322997913942065e-27
-1.872408272652016731e-27
-1.277777592329770613e-27
-5.648950690808481926e-28
1.541073564454147157e-28
7.777410362974878831e-28
1.228305614702441955e-27
1.460348699825271964e-27
1.463734085237090328e-27
1.261441135113903746e-27
9.029444770484520723e-28
4.545560363595602232e-28
-1.160419496996307485e-29
-4.283208300076565475e-28
-7.422089075304179787e-28
-9.197840407515136034e-28
-9.501182967995479289e-28
-8.440594571313483028e-28
-6.304756868860873934e-28
-3.503575217911691684e-28
-4.982432254900098390e-29
2.268713832373003643e-28
4.433601113303259968e-28
5.754487012124783617e-28
6.132651369247956611e-28
5.611744105760880445e-28
4.357058634646536436e-28
2.619867252945083751e-28
6.933537563238777090e-29
-1.132813093432913594e-28
-2.612753448900585145e-28
-3.574376554191965576e-28
-3.935952636999311921e-28
-3.708309216513949666e-28
-2.983818288063144793e-28
-1.915074159096054810e-28
-6.873104552144702805e-29
5.109321938640037886e-29
1.514593647922574975e-28
2.202840239503551768e-28
2.511478721980951054e-28
2.436151414355304795e-28
2.026809937815204382e-28
1.375137349477964978e-28
5.974063920869853994e-29
-1.843533791620879709e-29
-8.600642722451501772e-29
-1.345816095001556093e-28
-1.592952892140789901e-28
-1.591282194748250979e-28
-1.366559467673353169e-28
-9.731878479252207770e-29
-4.836480323512113499e-29
2.352352048614159768e-30
4.753727642270382735e-29
8.141893733300402681e-29
1.004038682489315927e-28
1.033568954160315338e-28
9.150822269615303325e-29
6.803823436374312537e-29
3.743131694337058906e-29
4.713037851914233370e-30
-2.531034685145162494e-29
-4.870361345647605702e-29
-6.286525466502612659e-29
-6.675561210456464484e-29
-6.088251391831535554e-29
-4.707130577340700760e-29
-2.807365065754462535e-29
-7.086512698147839316e-30
1.274198579445283084e-29
2.874916974168783000e-29
3.908153445672034100e-29
4.287175375263409977e-29
4.025919159011362542e-29
3.226709233056243424e-29
2.056837822064654644e-29
7.184333758361205740e-30
-5.834670778144064087e-30
-1.669978656084076026e-29
-2.410779883301417958e-29
-2.737412723462173964e-29
-2.646540240930519554e-29
-2.193734991142755273e-29
-1.479640797262195859e-29
-6.312314141532304863e-30
2.187019750122960645e-30
9.507752818694158344e-30
1.474383372612178720e-29
1.737458097873543234e-29
1.729819477732068701e-29
1.480307114800105324e-29
1.048732222676679673e-29
5.143104993418620438e-30
-3.744055740736022227e-31
-5.273443537801842476e-30
-8.930215997442998686e-30
-1.095917849166065259e-29
-1.124268075130155505e-29
-9.919991661850390203e-30
-7.341409626046575056e-30
-3.997476996027452406e-30
-4.357819675957887546e-31
2.821707920547826965e-30
5.349238841154323607e-30
6.867125984522347756e-30
7.266004613448047704e-30
6.604701276799203170e-30
5.084729683139824505e-30
3.007386621253573692e-30
7.212512441710366819e-31
-1.431563175510398255e-30
-3.162737307938558815e-30
-4.272673056707165610e-30
-4.669392507012565007e-30
-4.370401492753130255e-30
-3.489003745113201648e-30
-2.208580420662766312e-30
-7.496774851775148442e-31
6.647443747710984319e-31
1.840834130162682341e-30
2.638057744005860735e-30
2.983443218564953392e-30
2.874886943534220236e-30
2.374179556752837252e-30
1.591784149880564144e-30
6.663481087515500732e-31
-2.576371635320717679e-31
-1.050704791636328195e-30
-1.615032784485044834e-30
-1.894920469351443989e-30
-1.880281585104714701e-30
-1.603380334141879845e-30
-1.129961350837916345e-30
-5.465929018794719761e-31
5.361277616547849814e-32
5.847324029448794914e-31
9.793474843590804815e-31
1.196103604199841363e-30
1.222838089860197768e-30
1.075291874640351197e-30
7.920392004766413034e-31
4.267343671218373439e-31
3.903834610766652829e-32
-3.143665242908351089e-31
-5.874223487040145892e-31
-7.500668397374118178e-31
-7.908096957265314893e-31
-7.164394512329018643e-31
-5.491962609676372648e-31
-3.220671445939868119e-31
-7.305625664286545269e-32
1.606609224755043582e-31
3.478675237618660110e-31
