-1.286989779456711671e-21
-1.138809945767469897e-21
-9.839935354801853275e-22
-8.238207364967555115e-22
-6.595972740471064784e-22
-4.926489953033979764e-22
-3.243158819867926449e-22
-1.559454136921814113e-22
1.111476832943315768e-23
1.755249178851314318e-22
3.359619512965654318e-22
4.911288846444699976e-22
6.397648690646562288e-22
7.806557228790591578e-22
9.126448320063282936e-22
1.034644265670191172e-21
1.145645933598080608e-21
1.244732594264860581e-21
1.331088511761674489e-21
1.404009551909777801e-21
1.462912506516092826e-21
1.507343438270316982e-21
1.536984847668688656e-21
1.551661477342536543e-21
1.551344587971679387e-21
1.536154563159357511e-21
1.506361727718202339e-21
1.462385294157082375e-21
1.404790385082918735e-21
1.334283113998400444e-21
1.251703742805112312e-21
1.158017970410090042e-21
1.054306442378600097e-21
9.417526057899180655e-22
8.216290655837094033e-22
6.952826280312897932e-22
5.641182428944164217e-22
4.295820777905108058e-22
2.931439758053670208e-22
1.562795601214938714e-22
2.045225710911874806e-23
-1.129044881837368033e-22
-2.424045329335537237e-22
-3.667256304878257410e-22
-4.846250468069097945e-22
-5.949539662939642557e-22
-6.966704755980417118e-22
-7.888509394423448787e-22
-8.706996112217167489e-22
-9.415563524217816551e-22
-1.000902368181997885e-21
-1.048363900871220015e-21
-1.083713858666768857e-21
-1.106871391126421902e-21
-1.117899457932217807e-21
-1.117000469710399533e-21
-1.104510110480999336e-21
-1.080889479306805595e-21
-1.046715713603886647e-21
-1.002671277928777485e-21
-9.495321195373997277e-22
-8.881549053715657841e-22
-8.194635642151378373e-22
-7.444353625096172780e-22
-6.640867427551630446e-22
-5.794591496624812027e-22
-4.916050614616976481e-22
-4.015744322907745251e-22
-3.104017367216019343e-22
-2.190937896395152901e-22
-1.286184943235221112e-22
-3.989464917029997109e-23
4.621708041857074949e-23
1.289219433782758392e-22
2.074975813094027220e-22
2.812991728466430728e-22
3.497632378399486654e-22
4.124101187890056545e-22
4.688451791544475423e-22
5.187587784780677340e-22
5.619251023465361695e-22
5.981999408555560638e-22
6.275175221650114933e-22
6.498865178374936209e-22
6.653853438470320376e-22
6.741568854225193021e-22
6.764027753061620931e-22
6.723773536769620117e-22
6.623814340841294487e-22
6.467559934769918496e-22
6.258758960708510354e-22
6.001437506524161185e-22
5.699839893312095187e-22
5.358372430308271476e-22
4.981550755423719082e-22
4.573951240894361632e-22
4.140166804305718812e-22
3.684767328872442241e-22
3.212264766467285883e-22
2.727082875354689896e-22
2.233531434399479263e-22
1.735784678808983258e-22
1.237863620918358664e-22
7.436218543851475161e-23
2.567343921944823416e-23
-2.193109415989929917e-23
-6.812200596019405984e-23
-1.125897587875106538e-22
-1.550450741995794034e-22
-1.952192538815919256e-22
-2.328644733845011695e-22
-2.677540816929952327e-22
-2.996829333053003983e-22
-3.284677722944178262e-22
-3.539476802211601856e-22
-3.759845920265353261e-22
-3.944638763843098581e-22
-4.092949696738324181e-22
-4.204120459532466998e-22
-4.277746992685824741e-22
-4.313686094949241054e-22
-4.312061588135568055e-22
-4.273269629941849508e-22
-4.197982799512111571e-22
-4.087152576203956412e-22
-3.942009840648994648e-22
-3.764063048413147450e-22
-3.555093759774936958e-22
-3.317149253445055638e-22
-3.052532006266761012e-22
-2.763785883634520382e-22
-2.453678954913188400e-22
-2.125182922733697063e-22
-1.781449232769723486e-22
-1.425782009483104708e-22
-1.061608041364393245e-22
-6.924441144226304728e-23
-3.218620632053571241e-23
4.654802730859356742e-24
4.092159796077725183e-23
7.626305054787427747e-23
1.103378440026511027e-22
1.428183631815496782e-22
1.733944880931960916e-22
2.017772317190568795e-22
2.277021623745947048e-22
2.509325536799307654e-22
2.712622089406333272e-22
2.885179115825002516e-22
3.025614591376979750e-22
3.132912450200633970e-22
3.206433598127863402e-22
3.245921918647265241e-22
3.251505154833861002e-22
3.223690637464772587e-22
3.163355917499441925e-22
3.071734447884663872e-22
2.950396543495404110e-22
2.801225927270533492e-22
2.626392243694014878e-22
2.428319986301925275e-22
2.209654342636695564e-22
1.973224506996589222e-22
1.722005047634829591e-22
1.459075940177009483e-22
1.187581892617434065e-22
9.106915892387692141e-23
6.315574713307380517e-23
3.532766520511899311e-23
7.885353178685674120e-24
-1.888353602574580179e-23
-4.470738217899435950e-23
-6.933353108089743451e-23
-9.253087999534657507e-23
-1.140920863003271388e-22
-1.338353775964561766e-22
-1.516059488368058497e-22
-1.672769394058187795e-22
-1.807499903414181551e-22
-1.919553889232463462e-22
-2.008518145115096753e-22
-2.074257056966474522e-22
-2.116902744049124778e-22
-2.136841975092996605e-22
-2.134700206463508579e-22
-2.111323122822255348e-22
-2.067756085698252749e-22
-2.005221911750723908e-22
-1.925097410256996946e-22
-1.828889108690872081e-22
-1.718208586526849365e-22
-1.594747821130045017e-22
-1.460254926425906748e-22
-1.316510635765297806e-22
-1.165305845885701832e-22
-1.008420500072704015e-22
-8.476040465557056569e-23
-6.845576638652424231e-23
-5.209183993798529945e-23
-3.582453216237626723e-23
-1.980077420277406156e-23
-4.157551875975229241e-24
1.097885852845540311e-23
2.549345554189761401e-23
3.928288873141508841e-23
5.225565853290824986e-23
6.433215477908650790e-23
7.544455086105296227e-23
8.553657179474903793e-23
9.456315526565181191e-23
1.024900250091221414e-22
1.092931956736591996e-22
1.149584276445879252e-22
1.194806492206516587e-22
1.228633620877981673e-22
1.251180442819459312e-22
1.262635628393888987e-22
1.263256061665491369e-22
1.253361438882709903e-22
1.233329196237431901e-22
1.203589798574021730e-22
1.164622398813406033e-22
1.116950857433638373e-22
1.061140092922991353e-22
9.977927181358657513e-23
9.275459042956746695e-23
8.510684042749214088e-23
7.690576599214583466e-23
6.822369146788027919e-23
5.913522525619017389e-23
4.971694876018887679e-23
4.004708339839924161e-23
3.020512960123673396e-23
2.027147284160663485e-23
1.032695309736794496e-23
4.523956543887259241e-25
-9.271897212662711789e-24
-1.876669244830592571e-23
-2.795440736587911533e-23
-3.675972111090952895e-23
-4.511021021124442964e-23
-5.293700051552177137e-23
-6.017542651989956824e-23
-6.676568798842379594e-23
-7.265349291659354416e-23
-7.779067529583083662e-23
-8.213577582705392619e-23
-8.565457371542469084e-23
-8.832055795929882849e-23
-9.011532712066540970e-23
-9.102890742095128688e-23
-9.105998012714108676e-23
-9.021601055451478159e-23
-8.851327258403953483e-23
-8.597676433976098178e-23
-8.264001255556790685e-23
-7.854476513954407111e-23
-7.374057347379351879e-23
-6.828426802317225903e-23
-6.223933282284487367e-23
-5.567518632818544423e-23
-4.866637789951565905e-23
-4.129171081976673244e-23
-3.363330417049719390e-23
-2.577560709052588406e-23
-1.780437988665844572e-23
-9.805657138312292626e-24
-1.864708323969950095e-24
5.934988409623072103e-24
1.351274391536376699e-23
2.079161221951583759e-23
2.769928703518085083e-23
3.416892747355307396e-23
4.013990107133175741e-23
4.555843372181723942e-23
5.037815774387295407e-23
5.456055111244929422e-23
5.807526276968817344e-23
6.090032089810938968e-23
6.302222302760387754e-23
6.443590882664008847e-23
6.514461835691472554e-23
6.515964041305108616e-23
6.449995729082061349e-23
6.319179389782501519e-23
6.126808051250507666e-23
5.876783968786257945e-23
5.573550876716609581e-23
5.222021021686028785e-23
4.827498247869061135e-23
4.395598429562625459e-23
3.932168547649249446e-23
3.443205683921728251e-23
2.934777162376824515e-23
2.412943000897127829e-23
1.883681752203292314e-23
1.352820711858713455e-23
8.259713559978897306e-24
3.084707450901466225e-24
-1.946705046545447335e-24
-6.788132207057643873e-24
-1.139727325380996728e-23
-1.573621961589452180e-23
-1.977168054518094804e-23
-2.347513403159504050e-23
-2.682290519693512094e-23
-2.979617548279235820e-23
-3.238092695953551375e-23
-3.456782695567530102e-23
-3.635205892878518632e-23
-3.773310606283970437e-23
-3.871449447834551304e-23
-3.930350318071729339e-23
-3.951084795228784908e-23
-3.935034632078742077e-23
-3.883857052182613700e-23
-3.799449502736593212e-23
-3.683914475122581179e-23
-3.539524948313273256e-23
-3.368690946298140339e-23
-3.173927630608462869e-23
-2.957825274807972083e-23
-2.723021391464814441e-23
-2.472175205572648054e-23
-2.207944593498890268e-23
-1.932965535036099667e-23
-1.649834059585167737e-23
-1.361090607278383058e-23
-1.069206673112474184e-23
-7.765735578202268374e-24
-4.854930139297112732e-24
-1.981695496481529458e-24
8.329586299050475091e-25
3.569109359635575886e-24
6.207963268591154665e-24
8.731892609473156588e-24
1.112446741550031591e-23
1.337048550781176719e-23
1.545600211200270414e-23
1.736836042826342295e-23
1.909622410584901045e-23
2.062961215943642427e-23
2.195993644573698207e-23
2.308004140672824383e-23
2.398424539365769515e-23
2.466838252528738060e-23
2.512984371526558135e-23
2.536761523622625042e-23
2.538231297980168824e-23
2.517621042804085961e-23
2.475325827672451401e-23
2.411909364682308268e-23
2.328103688697470048e-23
2.224807410559867748e-23
2.103082377251067271e-23
1.964148599138738524e-23
1.809377335931585172e-23
1.640282268981153339e-23
1.458508727181484079e-23
1.265820975915906043e-23
1.064087622209321097e-23
8.552652333574642247e-24
6.413803097098403656e-24
4.245097938879981594e-24
2.067603374836707744e-24
-9.753418769643029356e-26
-2.229312650992981466e-24
-4.307102320098290980e-24
-6.310874590273651887e-24
-8.221427809280858844e-24
-1.002060684247578592e-23
-1.169151288678142695e-23
-1.321870016849495392e-23
-1.458835631800844640e-23
-1.578846343882275622e-23
-1.680893717413833377e-23
-1.764174141592862549e-23
-1.828097669164099857e-23
-1.872294069440465441e-23
-1.896615988491624294e-23
-1.901139157745069650e-23
-1.886159641875128309e-23
-1.852188166676067709e-23
-1.799941616618565633e-23
-1.730331838995057872e-23
-1.644451936037364513e-23
-1.543560267277345718e-23
-1.429062420941192262e-23
-1.302491444645249205e-23
-1.165486651535755790e-23
-1.019771337849570351e-23
-8.671297613644850170e-24
-7.093837371869770386e-24
-5.483692077608555960e-24
-3.859131379762716611e-24
-2.238110740476540323e-24
-6.380568676835039695e-25
9.243340369301185219e-25
2.433282525456851854e-24
3.874094281866727895e-24
5.233308624257064930e-24
6.498825509947108516e-24
7.660009825690517331e-24
8.707772159047489953e-24
9.634625662639049730e-24
1.043471903250135767e-23
1.110384601733728280e-23
1.163943224988343695e-23
1.204050053829187680e-23
1.230761606854769538e-23
1.244281324355444469e-23
1.244950611662571567e-23
1.233238456372589759e-23
1.209729847795740913e-23
1.175113236059323956e-23
1.130167272553487942e-23
1.075747072957248815e-23
1.012770239131033702e-23
9.422028670041943619e-24
8.650457545929768866e-24
7.823210078948936574e-24
6.950592231123789031e-24
6.042874019970349081e-24
5.110177336398573871e-24
4.162373513418735698e-24
3.208991478649398904e-24
2.259137069543653721e-24
1.321423840910024436e-24
4.039154548224856711e-25
-4.859204819270470968e-25
-1.341247473946368263e-24
-2.155884612106867706e-24
-2.924321151325176728e-24
-3.641722007217039805e-24
-4.303925090715827279e-24
-4.907431473556314403e-24
-5.449389422034242083e-24
-5.927573352382333573e-24
-6.340358749834055477e-24
-6.686694056932369071e-24
-6.966070477370598623e-24
-7.178490562549960145e-24
-7.324436352383358119e-24
-7.404837733207929781e-24
-7.421041557698565522e-24
-7.374781948175050729e-24
-7.268152079417633389e-24
-7.103577613682312140e-24
-6.883791842465784189e-24
-6.611812479860617650e-24
-6.290919953858894921e-24
-5.924636957098807448e-24
-5.516708949235999455e-24
-5.071085250804573843e-24
-4.591900334048812750e-24
-4.083454900167241016e-24
-3.550196334623109423e-24
-2.996698152042071388e-24
-2.427638078677870992e-24
-1.847774471992636380e-24
-1.261920841696887429e-24
-6.749183124393172643e-25
-9.160595277636345834e-26
4.832110145530200005e-25
1.044795012425399856e-24
1.588511716593034050e-24
2.109867176187281961e-24
2.604546066703774542e-24
3.068450615749419057e-24
3.497739672755750441e-24
3.888867336688744225e-24
4.238620512214436461e-24
4.544154736146479067e-24
4.803027603258703359e-24
5.013229124235858797e-24
5.173208368787572388e-24
5.281895783482992072e-24
5.338720625991962451e-24
5.343623024081311851e-24
5.297060247501217047e-24
5.200006872082556465e-24
5.053948615963617337e-24
4.860869735664925242e-24
4.623233982366107975e-24
4.343959233732391992e-24
4.026386031468752292e-24
3.674240366937000556e-24
3.291591164213719764e-24
2.882803009579836194e-24
2.452484766475783078e-24
2.005434793511018913e-24
1.546583548531641839e-24
1.080934412663835291e-24
6.135036036343585174e-25
1.492600668285980251e-25
-3.069337648539240080e-25
-7.503794652302059623e-25
-1.176597516148547730e-24
-1.581378814467444698e-24
-1.960832043300386894e-24
-2.311426239278088380e-24
-2.630027972286121801e-24
-2.913932648607193677e-24
-3.160889550670360726e-24
-3.369120334583508791e-24
-3.537330818120848471e-24
-3.664716004637184384e-24
-3.750958400279137251e-24
-3.796219790717752559e-24
-3.801126747392798115e-24
-3.766750230042030979e-24
-3.694579740373147666e-24
-3.586492559622889195e-24
-3.444718669177623744e-24
-3.271802007407490259e-24
-3.070558756672453346e-24
-2.844033381660999052e-24
-2.595453153675202819e-24
-2.328181895318474621e-24
-2.045673666684963662e-24
-1.751427088261976462e-24
-1.448940958242400453e-24
-1.141671773917988931e-24
-8.329937095805167745e-25
-5.261615383399842084e-25
-2.242769140299095962e-25
6.974164645803560651e-26
3.531848188160313107e-25
6.235743833427232769e-25
8.786808913595715684e-25
1.116537061688571342e-24
1.335446957087485489e-24
1.533991060002256715e-24
1.711027430507263715e-24
1.865689185846808450e-24
1.997378589743447007e-24
2.105758079973936673e-24
2.190738594216582002e-24
2.252465576635794765e-24
2.291303061089022549e-24
2.307816231412723326e-24
2.302752855351101117e-24
2.277023976885270885e-24
2.231684232706182979e-24
2.167912133186031248e-24
2.086990617379137324e-24
1.990288156345108942e-24
1.879240640506760824e-24
1.755334245933819347e-24
1.620089432479814286e-24
1.475046184668551803e-24
1.321750565152402367e-24
1.161742611398877137e-24
9.965455698652633211e-25
8.276564290443689491e-25
6.565376840356179566e-25
4.846102412112876401e-25
3.132473524608691140e-25
1.437694546207124690e-25
-2.256021890145090468e-26
-1.845393906882878324e-25
-3.410299908292588540e-25
-4.909610358725295304e-25
-6.333312531673975874e-25
-7.672115543225906761e-25
-8.917474441845323362e-25
-1.006161432000920742e-24
-1.109755489993639530e-24
-1.201913582160466486e-24
-1.282104263497326642e-24
-1.349883327707739702e-24
-1.404896460534809751e-24
-1.446881836753028702e-24
-1.475672582167705311e-24
-1.491199008182943799e-24
-1.493490516021047691e-24
-1.482677060813646756e-24
-1.458990062741293530e-24
-1.422762653270026188e-24
-1.374429149309557209e-24
-1.314523656682572492e-24
-1.243677716432024624e-24
-1.162616922894350724e-24
-1.072156460738704027e-24
-9.731955288500644198e-25
-8.667106414925726597e-25
-7.537478210575309825e-25
-6.354137212754198600e-25
-5.128657444354120141e-25
-3.873012402889148967e-25
-2.599458973120414716e-25
-1.320414582888795565e-25
-4.832911219998550717e-27
1.204446771204652242e-25
2.425795044729688021e-25
3.603963630128363630e-25
4.727697597140861141e-25
5.786366288948773636e-25
6.770084405911315082e-25
7.669825142835112099e-25
8.477523572519907900e-25
9.186168602634547780e-25
9.789882001433628468e-25
1.028398318699861551e-24
1.066503870049016887e-24
1.093089553170058073e-24
1.108069772990080136e-24
1.111488600917889125e-24
1.103518033954386531e-24
1.084454579732853401e-24
1.054714222521889672e-24
1.014825851809494264e-24
9.654232600600025253e-25
9.072358391179246277e-25
8.410781250944222932e-25
7.678383590424364737e-25
6.884662449983975710e-25
6.039600978067029501e-25
5.153535803857752191e-25
4.237022336566134416e-25
3.300700022275571042e-25
2.355159551801073237e-25
1.410813940688799228e-25
4.777752974253229729e-26
-4.342610391882823073e-26
-1.316123474455775862e-25
-2.159260909944853840e-25
-2.955828143301094675e-25
-3.698759004186034128e-25
-4.381826543380196481e-25
-4.999689826022926784e-25
-5.547927114605731480e-25
-6.023055458173631890e-25
-6.422536926890826121e-25
-6.744771941668472042e-25
-6.989080343270046648e-25
-7.155671020981915060e-25
-7.245601074827370622e-25
-7.260725615219270967e-25
-7.203639408253118469e-25
-7.077611652494153046e-25
-6.886515223645496117e-25
-6.634751747016458078e-25
-6.327173854914202840e-25
-5.969005958154468984e-25
-5.565764809504409261e-25
-5.123181064137808210e-25
-4.647122950569094742e-25
-4.143523057811388298e-25
-3.618309123670769496e-25
-3.077339578302228159e-25
-2.526344459643165406e-25
-1.970872176347152584e-25
-1.416242452537099022e-25
-8.675056501160175224e-26
-3.294085313569091383e-26
1.936336003769849597e-26
6.975585583740764646e-26
1.178673007446447626e-25
1.633662642748001307e-25
2.059597252400737922e-25
2.453931160974777509e-25
2.814499591832262076e-25
3.139511511135012703e-25
3.427539525357782160e-25
3.677507398229460283e-25
3.888675733248706995e-25
4.060626335690592939e-25
4.193245724964680803e-25
4.286708216136469101e-25
4.341458930347004401e-25
4.358197029816356907e-25
4.337859406181393701e-25
4.281604983165475281e-25
4.190799728003253408e-25
4.067002402528589834e-25
3.911951026095469164e-25
3.727549970063641891e-25
3.515857558731711996e-25
3.279074015379450862e-25
3.019529565250151658e-25
2.739672490344143822e-25
2.442056923997337898e-25
2.129330176293488223e-25
1.804219394039562530e-25
1.469517380699341808e-25
1.128067431474592726e-25
7.827470755829890330e-26
4.364506604749442050e-26
9.207075987760084376e-27
-2.475215623145314756e-26
-5.794975487047019957e-26
-9.010924705441938229e-26
-1.209628090463175338e-25
-1.502535634157210168e-25
-1.777378997176932360e-25
-2.031877876484458061e-25
-2.263930486791926205e-25
-2.471635499796328119e-25
-2.653312830973180214e-25
-2.807522894083095808e-25
-2.933083948235432201e-25
-3.029087176275610099e-25
-3.094909156215992741e-25
-3.130221418994541569e-25
-3.134996825390363078e-25
-3.109512541629159048e-25
-3.054349446082574539e-25
-2.970387857366867571e-25
-2.858799535824675468e-25
-2.721035974489970149e-25
-2.558813060797022502e-25
-2.374092255085071581e-25
-2.169058494969140595e-25
-1.946095094534979937e-25
-1.707755962788415467e-25
-1.456735515664236756e-25
-1.195836699124200017e-25
-9.279375765444189049e-26
-6.559569609744219228e-26
-3.828195913948720677e-26
-1.114213614465099243e-26
1.554048909059994870e-26
4.149225336376274336e-26
6.645227501224263425e-26
9.017541541199428639e-26
1.124349991739267020e-25
1.330252554247698037e-25
1.517634474402697711e-25
1.684916633171579672e-25
1.830782462147267765e-25
1.954188488480998426e-25
2.054371032506960873e-25
2.130849032178532112e-25
2.183423031736460792e-25
2.212170433484214669e-25
2.217437170015469064e-25
2.199826008667123536e-25
2.160181749407265352e-25
2.099573620981390226e-25
2.019275217239917258e-25
1.920742345610759244e-25
1.805589182275155544e-25
1.675563143524694963e-25
1.532518889956870964e-25
1.378391879696907298e-25
1.215171878959829263e-25
1.044876823375598669e-25
8.695274021099537608e-26
6.911227095580944029e-26
5.116172770012502231e-26
3.328997599116279362e-26
1.567735164436885928e-26
-1.506073002297562541e-27
-1.810199956893465333e-26
-3.396518048118336647e-26
-4.896445628304399473e-26
-6.298355186662482999e-26
-7.592163422877428098e-26
-8.769363825366594380e-26
-9.823037057454792611e-26
-1.074784047310370414e-25
-1.153997835652584156e-25
-1.219715470565460799e-25
-1.271851055580405528e-25
-1.310454796582356846e-25
-1.335704286470425894e-25
-1.347894898307604916e-25
-1.347429507353421276e-25
-1.334807755938210048e-25
-1.310615064713447754e-25
-1.275511579867049472e-25
-1.230221228950901980e-25
-1.175521038598538049e-25
-1.112230846211324756e-25
-1.041203515271833310e-25
-9.633157409131192879e-26
-8.794595093258319498e-26
-7.905342520867715764e-26
-6.974397150661337729e-26
-6.010695416884407932e-26
-5.023055523943234827e-26
-4.020126865189971203e-26
-3.010345597358241076e-26
-2.001895798989569055e-26
-1.002675566686701154e-26
-2.026735745294890352e-28
9.380881317216189256e-27
1.865515245696028747e-26
2.755524477534164477e-26
3.602032003985955271e-26
4.399378176282345887e-26
5.142345397516948202e-26
5.826175710223988307e-26
6.446588301320899737e-26
6.999797010451687854e-26
7.482527806018450164e-26
7.892036074822612223e-26
8.226123460020148432e-26
8.483153881525266465e-26
8.662068286180486681e-26
8.762397604614009915e-26
8.784273339884767185e-26
8.728435181380816524e-26
8.596235027014037469e-26
8.389636807978656954e-26
8.111211543049191421e-26
7.764127102846501107e-26
7.352132237402420946e-26
6.879534510904595458e-26
6.351171893442827382e-26
5.772377878255487896e-26
5.148940121414202170e-26
4.487052735871570653e-26
3.793262509951018253e-26
3.074409458227580472e-26
2.337562246886293354e-26
1.589949162708046012e-26
8.388854116321466249e-27
9.169763646376075294e-28
