-1.215097159928492235e-22
-3.046426565278312306e-22
-4.824211603068137298e-22
-6.533749578100184195e-22
-8.160841490072733706e-22
-9.691921240042038221e-22
-1.111418684162513507e-21
-1.241573163043306026e-21
-1.358567329295286125e-21
-1.461427841589282875e-21
-1.549308019250521272e-21
-1.621498691581549138e-21
-1.677437894076985168e-21
-1.716719190735743087e-21
-1.739098418264558931e-21
-1.744498669790791461e-21
-1.733013362289778063e-21
-1.704907262697637682e-21
-1.660615381942167963e-21
-1.600739683120970917e-21
-1.526043588964504667e-21
-1.437444313679221292e-21
-1.336003084388611205e-21
-1.222913356794696568e-21
-1.099487167506846198e-21
-9.671398009066167531e-22
-8.273729806730340604e-22
-6.817568244939719668e-22
-5.319108244374208173e-22
-3.794841344549533087e-22
-2.261354601540190913e-22
-7.351285404016743305e-23
7.676627824750139907e-23
2.231346586221937999e-22
3.640938111635751498e-22
4.982316521898071315e-22
6.242387369330316481e-22
7.409229282333657011e-22
8.472222810575959798e-22
9.422159685511099851e-22
1.025133110070207331e-21
1.095359398493722871e-21
1.152441462322495814e-21
1.196088936872368204e-21
1.226174257482299801e-21
1.242730225343445366e-21
1.245945432590821188e-21
1.236157667018372364e-21
1.213845447574172887e-21
1.179617869131930381e-21
1.134202958467438910e-21
1.078434762534511197e-21
1.013239404770524381e-21
9.396203551027947006e-22
8.586431645097979230e-22
7.714199154510266229e-22
6.790936353473674593e-22
5.828229117919077686e-22
4.837669356041778246e-22
3.830711815884741046e-22
2.818539173629174026e-22
1.811937083870898694e-22
8.211806286981650221e-23
-1.440666584941143641e-23
-1.074840290014438641e-22
-1.962948213552976320e-22
-2.801029741724881664e-22
-3.582599937602269987e-22
-4.302079629704506157e-22
-4.954811470961560721e-22
-5.537062676718897171e-22
-6.046015273320516127e-22
-6.479744858256389009e-22
-6.837189013054008141e-22
-7.118106619521308216e-22
-7.323029407827053575e-22
-7.453207111178286374e-22
-7.510547617159678435e-22
-7.497553491433118482e-22
-7.417256207356770363e-22
-7.273149347607856868e-22
-7.069121953983196442e-22
-6.809393092484401464e-22
-6.498448576138942073e-22
-6.140980651528915708e-22
-5.741831310562340146e-22
-5.305939740502298048e-22
-4.838294276458280601e-22
-4.343889075065973738e-22
-3.827685589311559902e-22
-3.294578795452905210e-22
-2.749368006431038782e-22
-2.196732004302387516e-22
-1.641208138838388053e-22
-1.087174971825343756e-22
-5.388379975403289705e-23
-2.179396562803330450e-26
5.248588867734613767e-23
1.032768653273493177e-22
1.520097017737458274e-22
1.983645489528275617e-22
2.420437551534923207e-22
2.827724867743186802e-22
3.202993832901962428e-22
3.543972642539032305e-22
3.848638979520166178e-22
4.115228330193356022e-22
4.342242861505661716e-22
4.528460712802539610e-22
4.672945484623233064e-22
4.775055643769616650e-22
4.834453511054069172e-22
4.851113456915981555e-22
4.825328901684080731e-22
4.757717702434802659e-22
4.649225507561012212e-22
4.501126673345086467e-22
4.315022363678589018e-22
4.092835493881332097e-22
3.836802231308108774e-22
3.549459827750763435e-22
3.233630629943866490e-22
2.892402192940767459e-22
2.529103504749954232e-22
2.147277417296085554e-22
1.750649466316253045e-22
1.343093349029658724e-22
9.285934111772592140e-23
5.112045722609600249e-23
9.501018760281449264e-24
-3.159215935362740868e-23
-7.175823645992495531e-23
-1.106068245946281004e-22
-1.477624244331250356e-22
-1.828687503773557458e-22
-2.155928766303044321e-22
-2.456291377335108553e-22
-2.727027200359495091e-22
-2.965728848605579964e-22
-3.170357696497986541e-22
-3.339267199891283922e-22
-3.471221129888655548e-22
-3.565406408921246833e-22
-3.621440327944325592e-22
-3.639372018221614239e-22
-3.619678148270393911e-22
-3.563252914141187723e-22
-3.471392487331609116e-22
-3.345774177360603018e-22
-3.188430653527631970e-22
-3.001719650954548602e-22
-2.788289658126465497e-22
-2.551042145480152111e-22
-2.293090946025769280e-22
-2.017719438665084163e-22
-1.728336212178774331e-22
-1.428429902455110943e-22
-1.121523897348660804e-22
-8.111315927807931054e-23
-5.007128607697145475e-23
-1.936323556915627414e-23
1.068797598670759453e-23
3.977641426997386682e-23
6.761651856251187371e-23
9.394601281481196504e-23
1.185284040710179900e-22
1.411550440391749087e-22
1.616467376280541021e-22
1.798548903516038020e-22
1.956621944680953796e-22
2.089828614222729035e-22
2.197624154536413291e-22
2.279770699935466049e-22
2.336327145839458011e-22
2.367635454146410169e-22
2.374303771147296223e-22
2.357186770892641663e-22
2.317363664249452256e-22
2.256114331810806599e-22
2.174894047361317153e-22
2.075307257976279272e-22
1.959080877442167153e-22
1.828037532101454837e-22
1.684069173168224190e-22
1.529111437884659771e-22
1.365119104552924466e-22
1.194042944523934588e-22
1.017808228753562545e-22
8.382950986774464825e-23
6.573209620408987141e-23
4.766250250632991125e-23
2.978550239839815616e-23
1.225561726281375441e-23
-4.783770094082551195e-24
-2.120108955443287697e-23
-3.687705582462984541e-23
-5.170495191121865255e-23
-6.559073979355519374e-23
-7.845301613121220590e-23
-9.022283225358609237e-23
-1.008433985174986691e-22
-1.102696934000585561e-22
-1.184679974456027394e-22
-1.254153714457634414e-22
-1.310990970491981092e-22
-1.355160964297164384e-22
-1.386723457526307872e-22
-1.405822950385426120e-22
-1.412683047040734180e-22
-1.407601066341868908e-22
-1.390942951841536964e-22
-1.363138510920244496e-22
-1.324676989717786341e-22
-1.276102969147503378e-22
-1.218012548071925054e-22
-1.151049763216633564e-22
-1.075903181970849517e-22
-9.933025941501644408e-23
-9.040157222610903963e-23
-8.088448668884020017e-23
-7.086234045040829729e-23
-6.042120591530078718e-23
-4.964948768948938452e-23
-3.863748422812642793e-23
-2.747690891511051067e-23
-1.626036732084192780e-23
-5.080789071658214928e-24
5.969185431173124736e-24
1.679786133770708351e-23
2.731518474057640629e-23
3.743347132301413597e-23
4.706816072722187544e-23
5.613858752804142505e-23
6.456875831308802799e-23
7.228812322141792935e-23
7.923232941201639668e-23
8.534394334735482575e-23
9.057312850484496221e-23
9.487826518112543113e-23
9.822649943344101040e-23
1.005942089036019334e-22
1.019673742798684990e-22
1.023418464499120039e-22
1.017235009561835694e-22
1.001282731498634460e-22
9.758206941207974008e-23
9.412055192801424076e-23
8.978879671434432050e-23
8.464082686460169658e-23
7.873902524088964128e-23
7.215343305464289686e-23
6.496094289568420676e-23
5.724439674212400775e-23
4.909160127147127029e-23
4.059427435779684613e-23
3.184693794820763618e-23
2.294577353734101101e-23
1.398745718045518314e-23
5.067991390152711576e-24
-3.718448658178263067e-24
-1.228063743142053424e-23
-2.053137323523883010e-23
-2.838848854867123198e-23
-3.577578189323041322e-23
-4.262385804141106057e-23
-4.887086500613134526e-23
-5.446311808253599517e-23
-5.935560319847741388e-23
-6.351235392889840892e-23
-6.690669869966745119e-23
-6.952137690483477470e-23
-7.134852484464013383e-23
-7.238953451790893364e-23
-7.265479033173180954e-23
-7.216329068631066811e-23
-7.094216311993678010e-23
-6.902608322873629300e-23
-6.645660888330756678e-23
-6.328144233000988871e-23
-5.955363357419843555e-23
-5.533073898746831405e-23
-5.067394935791666895e-23
-4.564720161407214467e-23
-4.031628820729606507e-23
-3.474797764702020691e-23
-2.900915896564252088e-23
-2.316602196686001744e-23
-1.728328400783283605e-23
-1.142347280990202855e-23
-5.646273414871008588e-24
-7.945935882268968407e-27
5.439180773785212736e-24
1.064713596155065516e-23
1.557265229763146034e-23
2.017742915675491511e-23
2.442831477847749043e-23
2.829740957351903186e-23
3.176209407650727891e-23
3.480498614325785410e-23
3.741383293706103531e-23
3.958134403122224043e-23
4.130497256611076353e-23
4.258665183416039342e-23
4.343249492554297938e-23
4.385246515441483712e-23
4.386002490815836767e-23
4.347177033067844200e-23
4.270705887930313972e-23
4.158763629946264723e-23
4.013726896041369712e-23
3.838138680875632153e-23
3.634674144530791167e-23
3.406108303653483626e-23
3.155285895567113976e-23
2.885093623184723336e-23
2.598434908801008947e-23
2.298207208871596609e-23
1.987281871380181031e-23
1.668486453814906909e-23
1.344589364347288677e-23
1.018286642496460025e-23
6.921906590557764842e-24
3.688204887680633612e-24
5.059369328789404001e-25
-2.601807537822923034e-24
-5.613086639547426959e-24
-8.507162040057507013e-24
-1.126455068732301573e-23
-1.386707457139620527e-23
-1.629791018159122780e-23
-1.854163892572088657e-23
-2.058429935096731103e-23
-2.241344156034896786e-23
-2.401818376928567243e-23
-2.538927050768319047e-23
-2.651913155785495429e-23
-2.740194034004701016e-23
-2.803367012661959365e-23
-2.841214619279166450e-23
-2.853709180425370183e-23
-2.841016580592310080e-23
-2.803498951566804326e-23
-2.741716064384729888e-23
-2.656425205380348311e-23
-2.548579334772549052e-23
-2.419323350232528568e-23
-2.269988308347919372e-23
-2.102083493064933779e-23
-1.917286261137100877e-23
-1.717429639305103712e-23
-1.504487695251358731e-23
-1.280558753131507818e-23
-1.047846573463859972e-23
-8.086396651375311916e-24
-5.652889430893898256e-24
-3.201839876612389984e-24
-7.572819973049171126e-25
1.656868215372999468e-24
4.017073248555614207e-24
6.300435036501831359e-24
8.484952578404015240e-24
1.054977230050101952e-23
1.247542728768119933e-23
1.424406161830011720e-23
1.583963622076329032e-23
1.724811292791924276e-23
1.845761373028893766e-23
1.945855261494301310e-23
2.024373781548213169e-23
2.080844278101766425e-23
2.115044468834503451e-23
2.127002986106472935e-23
2.116996601122751401e-23
2.085544177200203345e-23
2.033397453281134685e-23
1.961528811060828144e-23
1.871116228227422152e-23
1.763525665410783830e-23
1.640291174656714259e-23
1.503093051851009507e-23
1.353734383908593537e-23
1.194116363248444709e-23
1.026212756771117257e-23
8.520439240697504371e-24
6.736507799132904108e-24
4.930690892665881210e-24
3.123044695231572820e-24
1.333084546214527221e-24
-4.204405018223508466e-25
-2.119756252719879947e-24
-3.748252434499071757e-24
-5.290650040641123410e-24
-6.733145143472327794e-24
-8.063527821512317444e-24
-9.271275296766266971e-24
-1.034761883387602815e-23
-1.128558440194588203e-23
-1.208000753327247914e-23
-1.272752322326443980e-23
-1.322653209536055669e-23
-1.357714439743667323e-23
-1.378110369667152701e-23
-1.384169239380308081e-23
-1.376362138194375806e-23
-1.355290632755656010e-23
-1.321673315090033076e-23
-1.276331533043254581e-23
-1.220174565160043030e-23
-1.154184496747064181e-23
-1.079401043999407866e-23
-9.969065590466023599e-24
-9.078114310726584508e-24
-8.132400778247380069e-24
-7.143176984310021707e-24
-6.121579331144149376e-24
-5.078515487462227180e-24
-4.024562418618195220e-24
-2.969876233811468634e-24
-1.924114224276830298e-24
-8.963692087839959305e-25
1.048839389506234072e-25
1.071829927707550987e-24
1.997343395076291267e-24
2.875008676721867441e-24
3.699129853309953877e-24
4.464732039484422727e-24
5.167554957356977404e-24
5.804039883512039463e-24
6.371311074395450950e-24
6.867152761680800372e-24
7.289982768979333387e-24
7.638823736806680147e-24
7.913272857253942021e-24
8.113470916912426959e-24
8.240071330126233666e-24
8.294209718618248194e-24
8.277474462043272285e-24
8.191878511113442449e-24
8.039832624526874238e-24
7.824120066690306802e-24
7.547872688523318084e-24
7.214548211442652469e-24
6.827908447473139074e-24
6.391998118343323363e-24
5.911123884887005582e-24
5.389833166018587709e-24
4.832892314351336613e-24
4.245263722988920178e-24
3.632081464421719335e-24
2.998625106566006426e-24
2.350291411107679877e-24
1.692563693360659976e-24
1.030978708382446131e-24
3.710910224028695544e-25
-2.815650711900304282e-25
-9.215159290240223946e-25
-1.543390962960870004e-24
-2.141966708644786476e-24
-2.712212099204432274e-24
-3.249334401328167397e-24
-3.748825197654234844e-24
-4.206505739624270062e-24
-4.618570950435621796e-24
-4.981631329899365392e-24
-5.292752002833154020e-24
-5.549488160618327193e-24
-5.749916171798529330e-24
-5.892659681711414476e-24
-5.976910082311116182e-24
-6.002440810327743763e-24
-5.969615023116019809e-24
-5.879386305027815518e-24
-5.733292170674337758e-24
-5.533440252566849251e-24
-5.282487186709887038e-24
-4.983610338033110281e-24
-4.640472635306401718e-24
-4.257180909629341781e-24
-3.838238249046521307e-24
-3.388490991782390988e-24
-2.913071079683415540e-24
-2.417334579620059144e-24
-1.906797252047479941e-24
-1.387068101197716073e-24
-8.637818793739852310e-25
-3.425315378228912929e-25
1.711983816620831801e-25
6.720964368417352184e-25
1.155086113687546571e-24
1.615383901868890170e-24
2.048552792628230664e-24
2.450550456262447650e-24
2.817771450719664283e-24
3.147082917754710123e-24
3.435853336483312678e-24
3.681974023722637599e-24
3.883873193796436806e-24
4.040522515080597516e-24
4.151436224049367732e-24
4.216662977601067863e-24
4.236770738764371839e-24
4.212825097438311946e-24
4.146361524735251601e-24
4.039352145144205745e-24
3.894167683749168909e-24
3.713535305048018569e-24
3.500493104752875319e-24
3.258342045855207812e-24
2.990596145067499564e-24
2.700931715675493146e-24
2.393136458317803595e-24
2.071059162997652828e-24
1.738560744727845122e-24
1.399467282843649106e-24
1.057525671613822682e-24
7.163624189201289331e-25
3.794460521651088000e-25
5.005350798776373564e-26
-2.687592033576109086e-25
-5.741818551520473722e-25
-8.636702656739732660e-25
-1.134961931178414056e-24
-1.386087078265845719e-24
-1.615375258967908261e-24
-1.821457680837380469e-24
-2.003265525702026387e-24
-2.160024563638211853e-24
-2.291246412476570412e-24
-2.396716827324846706e-24
-2.476481428970637206e-24
-2.530829294618257439e-24
-2.560274839444551685e-24
-2.565538413353541572e-24
-2.547526024680856654e-24
-2.507308582218343888e-24
-2.446101019709987295e-24
-2.365241633937934148e-24
-2.266171929781384058e-24
-2.150417224357966556e-24
-2.019568218738284025e-24
-1.875263700950107502e-24
-1.719174499217768614e-24
-1.552988760717786811e-24
-1.378398589595990763e-24
-1.197088039504166571e-24
-1.010722421276692116e-24
-8.209388562454106309e-25
-6.293379806038823568e-25
-4.374766865491854638e-25
-2.468617718601087615e-25
-5.894436117317927655e-26
1.248850406035973200e-25
3.033009997832105269e-25
4.750472398574424104e-25
6.389404795162200281e-25
7.938741244724667936e-25
9.388218957701840428e-25
1.072841455710730359e-24
1.195078069294415080e-24
1.304768314943395562e-24
1.401243834051940798e-24
1.483935085383268443e-24
1.552375048242397340e-24
1.606202798387564147e-24
1.645166863409583408e-24
1.669128250334073567e-24
1.678063027908843985e-24
1.672064339745207767e-24
1.651343722389217341e-24
1.616231604592619485e-24
1.567176870501943791e-24
1.504745380042143006e-24
1.429617354184589756e-24
1.342583550703706551e-24
1.244540176997818135e-24
1.136482510056557466e-24
1.019497219113874233e-24
8.947534132994568440e-25
7.634924640271644970e-25
6.270166792560733344e-25
4.866769334502307275e-25
3.438593823851303299e-25
1.999714152765978390e-25
5.642701746174981281e-26
-8.536826547434368075e-26
-2.240325571027197523e-25
-3.582228578253637778e-25
-4.866500094891560602e-25
-6.080931938726794240e-25
-7.214137446576191101e-25
-8.255680595618994175e-25
-9.196194106405235395e-25
-1.002748466135833515e-24
-1.074262356374378583e-24
-1.133602138676906198e-24
-1.180348541613667185e-24
-1.214225896681265783e-24
-1.235104195035688509e-24
-1.242999237688206430e-24
-1.238070878936915459e-24
-1.220619394138678973e-24
-1.191080033603785346e-24
-1.150015853817945063e-24
-1.098108944796040315e-24
-1.036150197626192865e-24
-9.650277787040321913e-25
-8.857144963820277059e-25
-7.992542614368908843e-25
-7.067478546354189727e-25
-6.093382225849678427e-25
-5.081955269010603787e-25
-4.045021715085380771e-25
-2.994380286930679471e-25
-1.941660764959426868e-25
-8.981864842882280021e-26
1.251551842229246676e-26
1.118032686733238464e-25
2.070778994269879312e-25
2.974487911212138336e-25
3.821096970084273013e-25
4.603456149283348530e-25
5.315381907049861948e-25
5.951696282318130491e-25
6.508251066107024301e-25
6.981937291121103155e-25
7.370680517829038037e-25
7.673422608494758434e-25
7.890090872953536945e-25
8.021555638394548598e-25
8.069577437657970473e-25
8.036745124832692200e-25
7.926406312130620148e-25
7.742591577646238093e-25
7.489933919840004696e-25
7.173584932173651676e-25
6.799129141604931544e-25
6.372497899468823088e-25
5.899884134943431495e-25
5.387659182529348085e-25
4.842292778788229997e-25
4.270277193265097215e-25
3.678056317489869752e-25
3.071960387737110000e-25
2.458146865331360215e-25
1.842547846156263774e-25
1.230824221945429159e-25
6.283266729617391419e-26
4.006343759713095005e-27
-5.293253183055406119e-26
-1.075586818919399030e-25
-1.594869063424626597e-25
-2.083728737166206097e-25
-2.539134168411203092e-25
-2.958463893464547198e-25
-3.339501418844972489e-25
-3.680426778277982231e-25
-3.979805475311394584e-25
-4.236575380633013110e-25
-4.450032118200012960e-25
-4.619813427875437557e-25
-4.745882936394913124e-25
-4.828513705303360129e-25
-4.868271856231909133e-25
-4.866000502789243232e-25
-4.822804146648456975e-25
-4.740033625268726910e-25
-4.619271632114344432e-25
-4.462318769057909606e-25
-4.271180036493852454e-25
-4.048051620907047304e-25
-3.795307803318256490e-25
-3.515487785950172625e-25
-3.211282219096345452e-25
-2.885519205693324578e-25
-2.541149567345877936e-25
-2.181231172095079645e-25
-1.808912150329694241e-25
-1.427412859953444931e-25
-1.040006504044513392e-25
-6.499983524035245413e-26
-2.607035710676324966e-26
1.245762805573951378e-26
5.025779685020962670e-26
8.701023462191051845e-26
1.224040932830225479e-25
1.561403030297315555e-25
1.879343056995124737e-25
2.175187736555254154e-25
2.446462749982541092e-25
2.690918436878677371e-25
2.906554118881103134e-25
3.091640615629485754e-25
3.244740530958797862e-25
3.364725904573703712e-25
3.450792851929875116e-25
3.502472851932371096e-25
3.519640387634097353e-25
3.502516698444425114e-25
3.451669462322711549e-25
3.368008291761608634e-25
3.252775996665387839e-25
3.107535639013033197e-25
2.934153476925042577e-25
2.734777967867311552e-25
2.511815070683901934e-25
2.267900152464061235e-25
2.005866867513376934e-25
1.728713430627596182e-25
1.439566754316431097e-25
1.141644958618394315e-25
8.382187918982017487e-26
5.325725209391048178e-26
2.279648583643370719e-26
-7.240950521375160016e-27
-3.654572078413884090e-26
-6.482218261265440507e-26
-9.179172833150569486e-26
-1.171958589764065026e-25
-1.407989497341164667e-25
-1.623906703574510867e-25
-1.817880301535226884e-25
-1.988370236212718083e-25
-2.134138596236014877e-25
-2.254257639841659824e-25
-2.348113524623045339e-25
-2.415405780455468873e-25
-2.456142632762379895e-25
-2.470632347723169864e-25
-2.459470830968875307e-25
-2.423525765731958412e-25
-2.363917624408643296e-25
-2.281997928306025809e-25
-2.179325163394445780e-25
-2.057638784751772249e-25
-1.918831758831487053e-25
-1.764922100645899120e-25
-1.598023862540447787e-25
-1.420318022719154811e-25
-1.234023705496982059e-25
-1.041370141974712748e-25
-8.445697501554220657e-26
-6.457926782544531443e-26
-4.471431149905480139e-26
-2.506376269427927462e-26
-5.818573661655325020e-27
1.284270932947499297e-26
3.075539528211019612e-26
4.776983867269038846e-26
6.375236848587586028e-26
7.858595852444455914e-26
9.217064565953310106e-26
1.044237065452230238e-25
1.152796067548866980e-25
1.246897392560320946e-25
1.326219715892556032e-25
1.390600230313461602e-25
1.440026943916857646e-25
1.474629739158940792e-25
1.494670430645154020e-25
1.500532057217370664e-25
1.492707637041754833e-25
1.471788603261664965e-25
1.438453122868487762e-25
1.393454483329061417e-25
1.337609710809826719e-25
1.271788561202716202e-25
1.196903001248003130e-25
1.113897272522652834e-25
1.023738606560233536e-25
9.274086354973928310e-26
8.258955199645780915e-26
7.201867949591016273e-26
6.112629155942470686e-26
5.000914682702549954e-26
3.876219992424575980e-26
2.747814019639742906e-26
1.624697970638054875e-26
5.155683441017785986e-27
-5.712165465885585014e-27
-1.627667253173576020e-26
-2.646191735945835716e-26
-3.619622365792630990e-26
-4.541241892511505514e-26
-5.404808782630317132e-26
-6.204582212554309043e-26
-6.935346876802667769e-26
-7.592437640821728315e-26
-8.171763937800348341e-26
-8.669833683351435780e-26
-9.083776364943314180e-26
-9.411364858279163018e-26
-9.651035433753416569e-26
-9.801905345466341030e-26
-9.863787345306827507e-26
-9.837200436964593393e-26
-9.723376180417822950e-26
-9.524259876820056644e-26
-9.242506006494831627e-26
-8.881467358018329836e-26
-8.445177372618980759e-26
-7.938325333279612967e-26
-7.366224149443700962e-26
-6.734770623126816879e-26
-6.050398227206405566e-26
-5.320022578139469656e-26
-4.550979939610941889e-26
-3.750959246845393127e-26
-2.927928289746933106e-26
-2.090054833003158146e-26
-1.245623579348714897e-26
-4.029499951436823106e-27
4.297078875246194206e-27
1.244238503270664698e-26
2.032765378929151372e-26
2.787734081884688873e-26
3.501996216633127479e-26
4.168889215549291426e-26
4.782310715008737730e-26
5.336786377018015416e-26
5.827530108043348986e-26
